duckdb_cold = np.array([
    0.251150199, 0.168089576, 0.14104254,
    0.469397294, 0.355205167, 0.322464596,
    0.599556748, 0.40381674, 0.455591677,
    0.304414953, 0.574022282, 0.580143213,
    0.425582261
])

duckdb_warm = np.array([
    0.1653854485, 0.0992420465, 0.11710071125,
    0.223501064, 0.21812587075, 0.2046085485,
    0.47463222225, 0.28524898025, 0.29245718775,
    0.186221749, 0.54925807925, 0.40803925799999996,
    0.53920312625
])

jspim_cold = np.array([
    0.2278056230229188, 0.15142534013780848, 0.12888848115454474,
    0.14513280134683326, 0.10487122005778356, 0.08771426210605643,
    0.25352744195257526, 0.07648015798802274, 0.1399274954543264,
    0.014288607730049694, 0.15232124225571378, 0.10938869861849257,
    0.025018375371302103
])

jspim_warm = np.array([
    0.14659908742817726, 0.08965132050068104, 0.10836604582297223,
    0.09562718626838103, 0.08969786911392923, 0.08451836843195384,
    0.22187277871971853, 0.06447920308270519, 0.12871464196598045,
    0.006326228131904142, 0.17686109578015916, 0.08521841119152315,
    0.02792617193711474
])

duckdb_cold_join = np.array([
    0.024862105750193736, 0.016717869087452965, 0.012206254910344824,
    0.4101853343876525, 0.33313268614682723, 0.31675621725845227,
    0.48598744934907573, 0.38574490718237037, 0.4409742030602706,
    0.29189877941965003, 0.5357918625365973, 0.509284610899189,
    0.421151776936649
])

duckdb_warm_join = np.array([
    0.020303890844935252, 0.009644359224580408, 0.008786861491917366,
    0.21379471946610468, 0.21122674084068158, 0.20209606343255485,
    0.3927175868319325, 0.2791781023376879, 0.28905256729861656,
    0.1816679550177956, 0.4864878062621519, 0.3613509433261583,
    0.5318648456208364
])

