# per-run latency, unbound (ms)
#   Q1.1     556    159    133    141    142
#   Q1.2     350    104    107    102    106
#   Q1.3     359    111    111    114    108
#   Q2.1    1083    263    205    189    196
#   Q2.2     844    205    184    179    189
#   Q2.3     755    192    188    171   1193
#   Q3.1    1003    455    451    455    462
#   Q3.2     920    299    282    301    291
#   Q3.3     689    326    312    282   1384
#   Q3.4     504    172    211    186    155
#   Q4.1    1241    411    409    382    653
#   Q4.2    1175    412    399    365    503
#   Q4.3    1000    333    381    504    479
# cold speedup 2.31-40.0x geomean 7.49x | DuckDB total 10.48s | per query 2.44 2.31 2.78 7.46 8.05 8.61 3.96 12.03 4.92 35.31 8.15 10.74 39.98
# warm speedup 0.98-28.6x geomean 3.35x | DuckDB total 4.01s | per query 0.98 1.17 1.02 2.23 2.11 5.16 2.05 4.54 4.47 28.62 2.62 4.92 15.19

duckdb_cold = np.array([
    0.556226813, 0.350063259, 0.358500045,
    1.08299592, 0.844342056, 0.75547516,
    1.003353241, 0.919730564, 0.688652927,
    0.504462568, 1.241161303, 1.175122311,
    1.000316924
])

duckdb_warm = np.array([
    0.14373520325, 0.10483675675, 0.11099819,
    0.21288334825, 0.1894803215, 0.43609607499999997,
    0.45587125824999997, 0.29302272575, 0.5759796655,
    0.1810715395, 0.46393275775, 0.41968706925,
    0.4240769335
])

jspim_cold = np.array([
    0.2278056230229188, 0.15142534013780848, 0.12888848115454474,
    0.14513280134683326, 0.10487122005778356, 0.08771426210605643,
    0.25352744195257526, 0.07648015798802274, 0.1399274954543264,
    0.014288607730049694, 0.15232124225571378, 0.10938869861849257,
    0.025018375371302103
])

jspim_warm = np.array([
    0.14659908742817726, 0.08965132050068104, 0.10836604582297223,
    0.09562718626838103, 0.08969786911392923, 0.08451836843195384,
    0.22187277871971853, 0.06447920308270519, 0.12871464196598045,
    0.006326228131904142, 0.17686109578015916, 0.08521841119152315,
    0.02792617193711474
])

duckdb_cold_join = np.array([
    0.12443530526975022, 0.03576039167280478, 0.0354344792818019,
    1.061790868934553, 0.8288909516394827, 0.7478863512265922,
    0.8096289501391145, 0.9007803401143825, 0.6714079841335656,
    0.49525917509387735, 1.2109922346732953, 1.1499905770722074,
    0.9970505559714836
])

duckdb_warm_join = np.array([
    0.019498646476405847, 0.008369794816425661, 0.008491134737406215,
    0.2032712323891373, 0.18369465642132585, 0.42285901891700417,
    0.3773209925534432, 0.28491713551927006, 0.5165271793249825,
    0.17770796406737607, 0.44357523721685604, 0.39492176504670995,
    0.4177789586028933
])

jspim_cold_join = np.array([
    0.0015175297731125, 5.36332252614584e-05, 5.21960648895834e-05,
    0.0859208417344857, 0.0827987392046108, 0.0820058833645087,
    0.139958143301651, 0.0584083251703931, 0.125310021514597,
    0.00177243414969974, 0.114090822792311, 0.0385300965176815,
    0.0205878913079511
])

jspim_warm_join = np.array([
    0.0015175297731125, 5.36332252614584e-05, 5.21960648895834e-05,
    0.0859208417344857, 0.0827987392046108, 0.0820058833645087,
    0.139958143301651, 0.0584083251703931, 0.125310021514597,
    0.00177243414969974, 0.114090822792311, 0.0385300965176815,
    0.0205878913079511
])

